1 1
1 2
1 3
1 2
1 4
1 6
1 3
1 6
1 9
1 4
1 8
1 12
1 5
1 10
1 15
1 6
1 12
1 18
1 7
1 14
1 21
1 8
1 16
1 24
1 9
1 18
1 27
1 10
1 20
1 30
1 11
1 22
1 33
1 12
1 24
1 36
1 13
1 26
1 39
1 14
1 28
1 42
1 15
1 30
1 45
1 16
1 32
1 48
1 17
1 34
1 51
1 18
1 36
1 54
1 19
1 38
1 57
1 20
1 40
1 60
2 1
2 2
2 3
2 2
2 4
2 6
2 3
2 6
2 9
2 4
2 8
2 12
2 5
2 10
2 15
2 6
2 12
2 18
2 7
2 14
2 21
2 8
2 16
2 24
2 9
2 18
2 27
2 10
2 20
2 30
2 11
2 22
2 33
2 12
2 24
2 36
2 13
2 26
2 39
2 14
2 28
2 42
2 15
2 30
2 45
2 16
2 32
2 48
2 17
2 34
2 51
2 18
2 36
2 54
2 19
2 38
2 57
2 20
2 40
2 60
3 1
3 2
3 3
3 2
3 4
3 6
3 3
3 6
3 9
3 4
3 8
3 12
3 5
3 10
3 15
3 6
3 12
3 18
3 7
3 14
3 21
3 8
3 16
3 24
3 9
3 18
3 27
3 10
3 20
3 30
3 11
3 22
3 33
3 12
3 24
3 36
3 13
3 26
3 39
3 14
3 28
3 42
3 15
3 30
3 45
3 16
3 32
3 48
3 17
3 34
3 51
3 18
3 36
3 54
3 19
3 38
3 57
3 20
3 40
3 60
2 1
2 2
2 3
2 2
2 4
2 6
2 3
2 6
2 9
2 4
2 8
2 12
2 5
2 10
2 15
2 6
2 12
2 18
2 7
2 14
2 21
2 8
2 16
2 24
2 9
2 18
2 27
2 10
2 20
2 30
2 11
2 22
2 33
2 12
2 24
2 36
2 13
2 26
2 39
2 14
2 28
2 42
2 15
2 30
2 45
2 16
2 32
2 48
2 17
2 34
2 51
2 18
2 36
2 54
2 19
2 38
2 57
2 20
2 40
2 60
4 1
4 2
4 3
4 2
4 4
4 6
4 3
4 6
4 9
4 4
4 8
4 12
4 5
4 10
4 15
4 6
4 12
4 18
4 7
4 14
4 21
4 8
4 16
4 24
4 9
4 18
4 27
4 10
4 20
4 30
4 11
4 22
4 33
4 12
4 24
4 36
4 13
4 26
4 39
4 14
4 28
4 42
4 15
4 30
4 45
4 16
4 32
4 48
4 17
4 34
4 51
4 18
4 36
4 54
4 19
4 38
4 57
4 20
4 40
4 60
6 1
6 2
6 3
6 2
6 4
6 6
6 3
6 6
6 9
6 4
6 8
6 12
6 5
6 10
6 15
6 6
6 12
6 18
6 7
6 14
6 21
6 8
6 16
6 24
6 9
6 18
6 27
6 10
6 20
6 30
6 11
6 22
6 33
6 12
6 24
6 36
6 13
6 26
6 39
6 14
6 28
6 42
6 15
6 30
6 45
6 16
6 32
6 48
6 17
6 34
6 51
6 18
6 36
6 54
6 19
6 38
6 57
6 20
6 40
6 60
3 1
3 2
3 3
3 2
3 4
3 6
3 3
3 6
3 9
3 4
3 8
3 12
3 5
3 10
3 15
3 6
3 12
3 18
3 7
3 14
3 21
3 8
3 16
3 24
3 9
3 18
3 27
3 10
3 20
3 30
3 11
3 22
3 33
3 12
3 24
3 36
3 13
3 26
3 39
3 14
3 28
3 42
3 15
3 30
3 45
3 16
3 32
3 48
3 17
3 34
3 51
3 18
3 36
3 54
3 19
3 38
3 57
3 20
3 40
3 60
6 1
6 2
6 3
6 2
6 4
6 6
6 3
6 6
6 9
6 4
6 8
6 12
6 5
6 10
6 15
6 6
6 12
6 18
6 7
6 14
6 21
6 8
6 16
6 24
6 9
6 18
6 27
6 10
6 20
6 30
6 11
6 22
6 33
6 12
6 24
6 36
6 13
6 26
6 39
6 14
6 28
6 42
6 15
6 30
6 45
6 16
6 32
6 48
6 17
6 34
6 51
6 18
6 36
6 54
6 19
6 38
6 57
6 20
6 40
6 60
9 1
9 2
9 3
9 2
9 4
9 6
9 3
9 6
9 9
9 4
9 8
9 12
9 5
9 10
9 15
9 6
9 12
9 18
9 7
9 14
9 21
9 8
9 16
9 24
9 9
9 18
9 27
9 10
9 20
9 30
9 11
9 22
9 33
9 12
9 24
9 36
9 13
9 26
9 39
9 14
9 28
9 42
9 15
9 30
9 45
9 16
9 32
9 48
9 17
9 34
9 51
9 18
9 36
9 54
9 19
9 38
9 57
9 20
9 40
9 60
4 1
4 2
4 3
4 2
4 4
4 6
4 3
4 6
4 9
4 4
4 8
4 12
4 5
4 10
4 15
4 6
4 12
4 18
4 7
4 14
4 21
4 8
4 16
4 24
4 9
4 18
4 27
4 10
4 20
4 30
4 11
4 22
4 33
4 12
4 24
4 36
4 13
4 26
4 39
4 14
4 28
4 42
4 15
4 30
4 45
4 16
4 32
4 48
4 17
4 34
4 51
4 18
4 36
4 54
4 19
4 38
4 57
4 20
4 40
4 60
8 1
8 2
8 3
8 2
8 4
8 6
8 3
8 6
8 9
8 4
8 8
8 12
8 5
8 10
8 15
8 6
8 12
8 18
8 7
8 14
8 21
8 8
8 16
8 24
8 9
8 18
8 27
8 10
8 20
8 30
8 11
8 22
8 33
8 12
8 24
8 36
8 13
8 26
8 39
8 14
8 28
8 42
8 15
8 30
8 45
8 16
8 32
8 48
8 17
8 34
8 51
8 18
8 36
8 54
8 19
8 38
8 57
8 20
8 40
8 60
12 1
12 2
12 3
12 2
12 4
12 6
12 3
12 6
12 9
12 4
12 8
12 12
12 5
12 10
12 15
12 6
12 12
12 18
12 7
12 14
12 21
12 8
12 16
12 24
12 9
12 18
12 27
12 10
12 20
12 30
12 11
12 22
12 33
12 12
12 24
12 36
12 13
12 26
12 39
12 14
12 28
12 42
12 15
12 30
12 45
12 16
12 32
12 48
12 17
12 34
12 51
12 18
12 36
12 54
12 19
12 38
12 57
12 20
12 40
12 60
5 1
5 2
5 3
5 2
5 4
5 6
5 3
5 6
5 9
5 4
5 8
5 12
5 5
5 10
5 15
5 6
5 12
5 18
5 7
5 14
5 21
5 8
5 16
5 24
5 9
5 18
5 27
5 10
5 20
5 30
5 11
5 22
5 33
5 12
5 24
5 36
5 13
5 26
5 39
5 14
5 28
5 42
5 15
5 30
5 45
5 16
5 32
5 48
5 17
5 34
5 51
5 18
5 36
5 54
5 19
5 38
5 57
5 20
5 40
5 60
10 1
10 2
10 3
10 2
10 4
10 6
10 3
10 6
10 9
10 4
10 8
10 12
10 5
10 10
10 15
10 6
10 12
10 18
10 7
10 14
10 21
10 8
10 16
10 24
10 9
10 18
10 27
10 10
10 20
10 30
10 11
10 22
10 33
10 12
10 24
10 36
10 13
10 26
10 39
10 14
10 28
10 42
10 15
10 30
10 45
10 16
10 32
10 48
10 17
10 34
10 51
10 18
10 36
10 54
10 19
10 38
10 57
10 20
10 40
10 60
15 1
15 2
15 3
15 2
15 4
15 6
15 3
15 6
15 9
15 4
15 8
15 12
15 5
15 10
15 15
15 6
15 12
15 18
15 7
15 14
15 21
15 8
15 16
15 24
15 9
15 18
15 27
15 10
15 20
15 30
15 11
15 22
15 33
15 12
15 24
15 36
15 13
15 26
15 39
15 14
15 28
15 42
15 15
15 30
15 45
15 16
15 32
15 48
15 17
15 34
15 51
15 18
15 36
15 54
15 19
15 38
15 57
15 20
15 40
15 60
6 1
6 2
6 3
6 2
6 4
6 6
6 3
6 6
6 9
6 4
6 8
6 12
6 5
6 10
6 15
6 6
6 12
6 18
6 7
6 14
6 21
6 8
6 16
6 24
6 9
6 18
6 27
6 10
6 20
6 30
6 11
6 22
6 33
6 12
6 24
6 36
6 13
6 26
6 39
6 14
6 28
6 42
6 15
6 30
6 45
6 16
6 32
6 48
6 17
6 34
6 51
6 18
6 36
6 54
6 19
6 38
6 57
6 20
6 40
6 60
12 1
12 2
12 3
12 2
12 4
12 6
12 3
12 6
12 9
12 4
12 8
12 12
12 5
12 10
12 15
12 6
12 12
12 18
12 7
12 14
12 21
12 8
12 16
12 24
12 9
12 18
12 27
12 10
12 20
12 30
12 11
12 22
12 33
12 12
12 24
12 36
12 13
12 26
12 39
12 14
12 28
12 42
12 15
12 30
12 45
12 16
12 32
12 48
12 17
12 34
12 51
12 18
12 36
12 54
12 19
12 38
12 57
12 20
12 40
12 60
18 1
18 2
18 3
18 2
18 4
18 6
18 3
18 6
18 9
18 4
18 8
18 12
18 5
18 10
18 15
18 6
18 12
18 18
18 7
18 14
18 21
18 8
18 16
18 24
18 9
18 18
18 27
18 10
18 20
18 30
18 11
18 22
18 33
18 12
18 24
18 36
18 13
18 26
18 39
18 14
18 28
18 42
18 15
18 30
18 45
18 16
18 32
18 48
18 17
18 34
18 51
18 18
18 36
18 54
18 19
18 38
18 57
18 20
18 40
18 60
7 1
7 2
7 3
7 2
7 4
7 6
7 3
7 6
7 9
7 4
7 8
7 12
7 5
7 10
7 15
7 6
7 12
7 18
7 7
7 14
7 21
7 8
7 16
7 24
7 9
7 18
7 27
7 10
7 20
7 30
7 11
7 22
7 33
7 12
7 24
7 36
7 13
7 26
7 39
7 14
7 28
7 42
7 15
7 30
7 45
7 16
7 32
7 48
7 17
7 34
7 51
7 18
7 36
7 54
7 19
7 38
7 57
7 20
7 40
7 60
14 1
14 2
14 3
14 2
14 4
14 6
14 3
14 6
14 9
14 4
14 8
14 12
14 5
14 10
14 15
14 6
14 12
14 18
14 7
14 14
14 21
14 8
14 16
14 24
14 9
14 18
14 27
14 10
14 20
14 30
14 11
14 22
14 33
14 12
14 24
14 36
14 13
14 26
14 39
14 14
14 28
14 42
14 15
14 30
14 45
14 16
14 32
14 48
14 17
14 34
14 51
14 18
14 36
14 54
14 19
14 38
14 57
14 20
14 40
14 60
21 1
21 2
21 3
21 2
21 4
21 6
21 3
21 6
21 9
21 4
21 8
21 12
21 5
21 10
21 15
21 6
21 12
21 18
21 7
21 14
21 21
21 8
21 16
21 24
21 9
21 18
21 27
21 10
21 20
21 30
21 11
21 22
21 33
21 12
21 24
21 36
21 13
21 26
21 39
21 14
21 28
21 42
21 15
21 30
21 45
21 16
21 32
21 48
21 17
21 34
21 51
21 18
21 36
21 54
21 19
21 38
21 57
21 20
21 40
21 60
8 1
8 2
8 3
8 2
8 4
8 6
8 3
8 6
8 9
8 4
8 8
8 12
8 5
8 10
8 15
8 6
8 12
8 18
8 7
8 14
8 21
8 8
8 16
8 24
8 9
8 18
8 27
8 10
8 20
8 30
8 11
8 22
8 33
8 12
8 24
8 36
8 13
8 26
8 39
8 14
8 28
8 42
8 15
8 30
8 45
8 16
8 32
8 48
8 17
8 34
8 51
8 18
8 36
8 54
8 19
8 38
8 57
8 20
8 40
8 60
16 1
16 2
16 3
16 2
16 4
16 6
16 3
16 6
16 9
16 4
16 8
16 12
16 5
16 10
16 15
16 6
16 12
16 18
16 7
16 14
16 21
16 8
16 16
16 24
16 9
16 18
16 27
16 10
16 20
16 30
16 11
16 22
16 33
16 12
16 24
16 36
16 13
16 26
16 39
16 14
16 28
16 42
16 15
16 30
16 45
16 16
16 32
16 48
16 17
16 34
16 51
16 18
16 36
16 54
16 19
16 38
16 57
16 20
16 40
16 60
24 1
24 2
24 3
24 2
24 4
24 6
24 3
24 6
24 9
24 4
24 8
24 12
24 5
24 10
24 15
24 6
24 12
24 18
24 7
24 14
24 21
24 8
24 16
24 24
24 9
24 18
24 27
24 10
24 20
24 30
24 11
24 22
24 33
24 12
24 24
24 36
24 13
24 26
24 39
24 14
24 28
24 42
24 15
24 30
24 45
24 16
24 32
24 48
24 17
24 34
24 51
24 18
24 36
24 54
24 19
24 38
24 57
24 20
24 40
24 60
9 1
9 2
9 3
9 2
9 4
9 6
9 3
9 6
9 9
9 4
9 8
9 12
9 5
9 10
9 15
9 6
9 12
9 18
9 7
9 14
9 21
9 8
9 16
9 24
9 9
9 18
9 27
9 10
9 20
9 30
9 11
9 22
9 33
9 12
9 24
9 36
9 13
9 26
9 39
9 14
9 28
9 42
9 15
9 30
9 45
9 16
9 32
9 48
9 17
9 34
9 51
9 18
9 36
9 54
9 19
9 38
9 57
9 20
9 40
9 60
18 1
18 2
18 3
18 2
18 4
18 6
18 3
18 6
18 9
18 4
18 8
18 12
18 5
18 10
18 15
18 6
18 12
18 18
18 7
18 14
18 21
18 8
18 16
18 24
18 9
18 18
18 27
18 10
18 20
18 30
18 11
18 22
18 33
18 12
18 24
18 36
18 13
18 26
18 39
18 14
18 28
18 42
18 15
18 30
18 45
18 16
18 32
18 48
18 17
18 34
18 51
18 18
18 36
18 54
18 19
18 38
18 57
18 20
18 40
18 60
27 1
27 2
27 3
27 2
27 4
27 6
27 3
27 6
27 9
27 4
27 8
27 12
27 5
27 10
27 15
27 6
27 12
27 18
27 7
27 14
27 21
27 8
27 16
27 24
27 9
27 18
27 27
27 10
27 20
27 30
27 11
27 22
27 33
27 12
27 24
27 36
27 13
27 26
27 39
27 14
27 28
27 42
27 15
27 30
27 45
27 16
27 32
27 48
27 17
27 34
27 51
27 18
27 36
27 54
27 19
27 38
27 57
27 20
27 40
27 60
10 1
10 2
10 3
10 2
10 4
10 6
10 3
10 6
10 9
10 4
10 8
10 12
10 5
10 10
10 15
10 6
10 12
10 18
10 7
10 14
10 21
10 8
10 16
10 24
10 9
10 18
10 27
10 10
10 20
10 30
10 11
10 22
10 33
10 12
10 24
10 36
10 13
10 26
10 39
10 14
10 28
10 42
10 15
10 30
10 45
10 16
10 32
10 48
10 17
10 34
10 51
10 18
10 36
10 54
10 19
10 38
10 57
10 20
10 40
10 60
20 1
20 2
20 3
20 2
20 4
20 6
20 3
20 6
20 9
20 4
20 8
20 12
20 5
20 10
20 15
20 6
20 12
20 18
20 7
20 14
20 21
20 8
20 16
20 24
20 9
20 18
20 27
20 10
20 20
20 30
20 11
20 22
20 33
20 12
20 24
20 36
20 13
20 26
20 39
20 14
20 28
20 42
20 15
20 30
20 45
20 16
20 32
20 48
20 17
20 34
20 51
20 18
20 36
20 54
20 19
20 38
20 57
20 20
20 40
20 60
30 1
30 2
30 3
30 2
30 4
30 6
30 3
30 6
30 9
30 4
30 8
30 12
30 5
30 10
30 15
30 6
30 12
30 18
30 7
30 14
30 21
30 8
30 16
30 24
30 9
30 18
30 27
30 10
30 20
30 30
30 11
30 22
30 33
30 12
30 24
30 36
30 13
30 26
30 39
30 14
30 28
30 42
30 15
30 30
30 45
30 16
30 32
30 48
30 17
30 34
30 51
30 18
30 36
30 54
30 19
30 38
30 57
30 20
30 40
30 60
11 1
11 2
11 3
11 2
11 4
11 6
11 3
11 6
11 9
11 4
11 8
11 12
11 5
11 10
11 15
11 6
11 12
11 18
11 7
11 14
11 21
11 8
11 16
11 24
11 9
11 18
11 27
11 10
11 20
11 30
11 11
11 22
11 33
11 12
11 24
11 36
11 13
11 26
11 39
11 14
11 28
11 42
11 15
11 30
11 45
11 16
11 32
11 48
11 17
11 34
11 51
11 18
11 36
11 54
11 19
11 38
11 57
11 20
11 40
11 60
22 1
22 2
22 3
22 2
22 4
22 6
22 3
22 6
22 9
22 4
22 8
22 12
22 5
22 10
22 15
22 6
22 12
22 18
22 7
22 14
22 21
22 8
22 16
22 24
22 9
22 18
22 27
22 10
22 20
22 30
22 11
22 22
22 33
22 12
22 24
22 36
22 13
22 26
22 39
22 14
22 28
22 42
22 15
22 30
22 45
22 16
22 32
22 48
22 17
22 34
22 51
22 18
22 36
22 54
22 19
22 38
22 57
22 20
22 40
22 60
33 1
33 2
33 3
33 2
33 4
33 6
33 3
33 6
33 9
33 4
33 8
33 12
33 5
33 10
33 15
33 6
33 12
33 18
33 7
33 14
33 21
33 8
33 16
33 24
33 9
33 18
33 27
33 10
33 20
33 30
33 11
33 22
33 33
33 12
33 24
33 36
33 13
33 26
33 39
33 14
33 28
33 42
33 15
33 30
33 45
33 16
33 32
33 48
33 17
33 34
33 51
33 18
33 36
33 54
33 19
33 38
33 57
33 20
33 40
33 60
12 1
12 2
12 3
12 2
12 4
12 6
12 3
12 6
12 9
12 4
12 8
12 12
12 5
12 10
12 15
12 6
12 12
12 18
12 7
12 14
12 21
12 8
12 16
12 24
12 9
12 18
12 27
12 10
12 20
12 30
12 11
12 22
12 33
12 12
12 24
12 36
12 13
12 26
12 39
12 14
12 28
12 42
12 15
12 30
12 45
12 16
12 32
12 48
12 17
12 34
12 51
12 18
12 36
12 54
12 19
12 38
12 57
12 20
12 40
12 60
24 1
24 2
24 3
24 2
24 4
24 6
24 3
24 6
24 9
24 4
24 8
24 12
24 5
24 10
24 15
24 6
24 12
24 18
24 7
24 14
24 21
24 8
24 16
24 24
24 9
24 18
24 27
24 10
24 20
24 30
24 11
24 22
24 33
24 12
24 24
24 36
24 13
24 26
24 39
24 14
24 28
24 42
24 15
24 30
24 45
24 16
24 32
24 48
24 17
24 34
24 51
24 18
24 36
24 54
24 19
24 38
24 57
24 20
24 40
24 60
36 1
36 2
36 3
36 2
36 4
36 6
36 3
36 6
36 9
36 4
36 8
36 12
36 5
36 10
36 15
36 6
36 12
36 18
36 7
36 14
36 21
36 8
36 16
36 24
36 9
36 18
36 27
36 10
36 20
36 30
36 11
36 22
36 33
36 12
36 24
36 36
36 13
36 26
36 39
36 14
36 28
36 42
36 15
36 30
36 45
36 16
36 32
36 48
36 17
36 34
36 51
36 18
36 36
36 54
36 19
36 38
36 57
36 20
36 40
36 60
13 1
13 2
13 3
13 2
13 4
13 6
13 3
13 6
13 9
13 4
13 8
13 12
13 5
13 10
13 15
13 6
13 12
13 18
13 7
13 14
13 21
13 8
13 16
13 24
13 9
13 18
13 27
13 10
13 20
13 30
13 11
13 22
13 33
13 12
13 24
13 36
13 13
13 26
13 39
13 14
13 28
13 42
13 15
13 30
13 45
13 16
13 32
13 48
13 17
13 34
13 51
13 18
13 36
13 54
13 19
13 38
13 57
13 20
13 40
13 60
26 1
26 2
26 3
26 2
26 4
26 6
26 3
26 6
26 9
26 4
26 8
26 12
26 5
26 10
26 15
26 6
26 12
26 18
26 7
26 14
26 21
26 8
26 16
26 24
26 9
26 18
26 27
26 10
26 20
26 30
26 11
26 22
26 33
26 12
26 24
26 36
26 13
26 26
26 39
26 14
26 28
26 42
26 15
26 30
26 45
26 16
26 32
26 48
26 17
26 34
26 51
26 18
26 36
26 54
26 19
26 38
26 57
26 20
26 40
26 60
39 1
39 2
39 3
39 2
39 4
39 6
39 3
39 6
39 9
39 4
39 8
39 12
39 5
39 10
39 15
39 6
39 12
39 18
39 7
39 14
39 21
39 8
39 16
39 24
39 9
39 18
39 27
39 10
39 20
39 30
39 11
39 22
39 33
39 12
39 24
39 36
39 13
39 26
39 39
39 14
39 28
39 42
39 15
39 30
39 45
39 16
39 32
39 48
39 17
39 34
39 51
39 18
39 36
39 54
39 19
39 38
39 57
39 20
39 40
39 60
14 1
14 2
14 3
14 2
14 4
14 6
14 3
14 6
14 9
14 4
14 8
14 12
14 5
14 10
14 15
14 6
14 12
14 18
14 7
14 14
14 21
14 8
14 16
14 24
14 9
14 18
14 27
14 10
14 20
14 30
14 11
14 22
14 33
14 12
14 24
14 36
14 13
14 26
14 39
14 14
14 28
14 42
14 15
14 30
14 45
14 16
14 32
14 48
14 17
14 34
14 51
14 18
14 36
14 54
14 19
14 38
14 57
14 20
14 40
14 60
28 1
28 2
28 3
28 2
28 4
28 6
28 3
28 6
28 9
28 4
28 8
28 12
28 5
28 10
28 15
28 6
28 12
28 18
28 7
28 14
28 21
28 8
28 16
28 24
28 9
28 18
28 27
28 10
28 20
28 30
28 11
28 22
28 33
28 12
28 24
28 36
28 13
28 26
28 39
28 14
28 28
28 42
28 15
28 30
28 45
28 16
28 32
28 48
28 17
28 34
28 51
28 18
28 36
28 54
28 19
28 38
28 57
28 20
28 40
28 60
42 1
42 2
42 3
42 2
42 4
42 6
42 3
42 6
42 9
42 4
42 8
42 12
42 5
42 10
42 15
42 6
42 12
42 18
42 7
42 14
42 21
42 8
42 16
42 24
42 9
42 18
42 27
42 10
42 20
42 30
42 11
42 22
42 33
42 12
42 24
42 36
42 13
42 26
42 39
42 14
42 28
42 42
42 15
42 30
42 45
42 16
42 32
42 48
42 17
42 34
42 51
42 18
42 36
42 54
42 19
42 38
42 57
42 20
42 40
42 60
15 1
15 2
15 3
15 2
15 4
15 6
15 3
15 6
15 9
15 4
15 8
15 12
15 5
15 10
15 15
15 6
15 12
15 18
15 7
15 14
15 21
15 8
15 16
15 24
15 9
15 18
15 27
15 10
15 20
15 30
15 11
15 22
15 33
15 12
15 24
15 36
15 13
15 26
15 39
15 14
15 28
15 42
15 15
15 30
15 45
15 16
15 32
15 48
15 17
15 34
15 51
15 18
15 36
15 54
15 19
15 38
15 57
15 20
15 40
15 60
30 1
30 2
30 3
30 2
30 4
30 6
30 3
30 6
30 9
30 4
30 8
30 12
30 5
30 10
30 15
30 6
30 12
30 18
30 7
30 14
30 21
30 8
30 16
30 24
30 9
30 18
30 27
30 10
30 20
30 30
30 11
30 22
30 33
30 12
30 24
30 36
30 13
30 26
30 39
30 14
30 28
30 42
30 15
30 30
30 45
30 16
30 32
30 48
30 17
30 34
30 51
30 18
30 36
30 54
30 19
30 38
30 57
30 20
30 40
30 60
45 1
45 2
45 3
45 2
45 4
45 6
45 3
45 6
45 9
45 4
45 8
45 12
45 5
45 10
45 15
45 6
45 12
45 18
45 7
45 14
45 21
45 8
45 16
45 24
45 9
45 18
45 27
45 10
45 20
45 30
45 11
45 22
45 33
45 12
45 24
45 36
45 13
45 26
45 39
45 14
45 28
45 42
45 15
45 30
45 45
45 16
45 32
45 48
45 17
45 34
45 51
45 18
45 36
45 54
45 19
45 38
45 57
45 20
45 40
45 60
16 1
16 2
16 3
16 2
16 4
16 6
16 3
16 6
16 9
16 4
16 8
16 12
16 5
16 10
16 15
16 6
16 12
16 18
16 7
16 14
16 21
16 8
16 16
16 24
16 9
16 18
16 27
16 10
16 20
16 30
16 11
16 22
16 33
16 12
16 24
16 36
16 13
16 26
16 39
16 14
16 28
16 42
16 15
16 30
16 45
16 16
16 32
16 48
16 17
16 34
16 51
16 18
16 36
16 54
16 19
16 38
16 57
16 20
16 40
16 60
32 1
32 2
32 3
32 2
32 4
32 6
32 3
32 6
32 9
32 4
32 8
32 12
32 5
32 10
32 15
32 6
32 12
32 18
32 7
32 14
32 21
32 8
32 16
32 24
32 9
32 18
32 27
32 10
32 20
32 30
32 11
32 22
32 33
32 12
32 24
32 36
32 13
32 26
32 39
32 14
32 28
32 42
32 15
32 30
32 45
32 16
32 32
32 48
32 17
32 34
32 51
32 18
32 36
32 54
32 19
32 38
32 57
32 20
32 40
32 60
48 1
48 2
48 3
48 2
48 4
48 6
48 3
48 6
48 9
48 4
48 8
48 12
48 5
48 10
48 15
48 6
48 12
48 18
48 7
48 14
48 21
48 8
48 16
48 24
48 9
48 18
48 27
48 10
48 20
48 30
48 11
48 22
48 33
48 12
48 24
48 36
48 13
48 26
48 39
48 14
48 28
48 42
48 15
48 30
48 45
48 16
48 32
48 48
48 17
48 34
48 51
48 18
48 36
48 54
48 19
48 38
48 57
48 20
48 40
48 60
17 1
17 2
17 3
17 2
17 4
17 6
17 3
17 6
17 9
17 4
17 8
17 12
17 5
17 10
17 15
17 6
17 12
17 18
17 7
17 14
17 21
17 8
17 16
17 24
17 9
17 18
17 27
17 10
17 20
17 30
17 11
17 22
17 33
17 12
17 24
17 36
17 13
17 26
17 39
17 14
17 28
17 42
17 15
17 30
17 45
17 16
17 32
17 48
17 17
17 34
17 51
17 18
17 36
17 54
17 19
17 38
17 57
17 20
17 40
17 60
34 1
34 2
34 3
34 2
34 4
34 6
34 3
34 6
34 9
34 4
34 8
34 12
34 5
34 10
34 15
34 6
34 12
34 18
34 7
34 14
34 21
34 8
34 16
34 24
34 9
34 18
34 27
34 10
34 20
34 30
34 11
34 22
34 33
34 12
34 24
34 36
34 13
34 26
34 39
34 14
34 28
34 42
34 15
34 30
34 45
34 16
34 32
34 48
34 17
34 34
34 51
34 18
34 36
34 54
34 19
34 38
34 57
34 20
34 40
34 60
51 1
51 2
51 3
51 2
51 4
51 6
51 3
51 6
51 9
51 4
51 8
51 12
51 5
51 10
51 15
51 6
51 12
51 18
51 7
51 14
51 21
51 8
51 16
51 24
51 9
51 18
51 27
51 10
51 20
51 30
51 11
51 22
51 33
51 12
51 24
51 36
51 13
51 26
51 39
51 14
51 28
51 42
51 15
51 30
51 45
51 16
51 32
51 48
51 17
51 34
51 51
51 18
51 36
51 54
51 19
51 38
51 57
51 20
51 40
51 60
18 1
18 2
18 3
18 2
18 4
18 6
18 3
18 6
18 9
18 4
18 8
18 12
18 5
18 10
18 15
18 6
18 12
18 18
18 7
18 14
18 21
18 8
18 16
18 24
18 9
18 18
18 27
18 10
18 20
18 30
18 11
18 22
18 33
18 12
18 24
18 36
18 13
18 26
18 39
18 14
18 28
18 42
18 15
18 30
18 45
18 16
18 32
18 48
18 17
18 34
18 51
18 18
18 36
18 54
18 19
18 38
18 57
18 20
18 40
18 60
36 1
36 2
36 3
36 2
36 4
36 6
36 3
36 6
36 9
36 4
36 8
36 12
36 5
36 10
36 15
36 6
36 12
36 18
36 7
36 14
36 21
36 8
36 16
36 24
36 9
36 18
36 27
36 10
36 20
36 30
36 11
36 22
36 33
36 12
36 24
36 36
36 13
36 26
36 39
36 14
36 28
36 42
36 15
36 30
36 45
36 16
36 32
36 48
36 17
36 34
36 51
36 18
36 36
36 54
36 19
36 38
36 57
36 20
36 40
36 60
54 1
54 2
54 3
54 2
54 4
54 6
54 3
54 6
54 9
54 4
54 8
54 12
54 5
54 10
54 15
54 6
54 12
54 18
54 7
54 14
54 21
54 8
54 16
54 24
54 9
54 18
54 27
54 10
54 20
54 30
54 11
54 22
54 33
54 12
54 24
54 36
54 13
54 26
54 39
54 14
54 28
54 42
54 15
54 30
54 45
54 16
54 32
54 48
54 17
54 34
54 51
54 18
54 36
54 54
54 19
54 38
54 57
54 20
54 40
54 60
19 1
19 2
19 3
19 2
19 4
19 6
19 3
19 6
19 9
19 4
19 8
19 12
19 5
19 10
19 15
19 6
19 12
19 18
19 7
19 14
19 21
19 8
19 16
19 24
19 9
19 18
19 27
19 10
19 20
19 30
19 11
19 22
19 33
19 12
19 24
19 36
19 13
19 26
19 39
19 14
19 28
19 42
19 15
19 30
19 45
19 16
19 32
19 48
19 17
19 34
19 51
19 18
19 36
19 54
19 19
19 38
19 57
19 20
19 40
19 60
38 1
38 2
38 3
38 2
38 4
38 6
38 3
38 6
38 9
38 4
38 8
38 12
38 5
38 10
38 15
38 6
38 12
38 18
38 7
38 14
38 21
38 8
38 16
38 24
38 9
38 18
38 27
38 10
38 20
38 30
38 11
38 22
38 33
38 12
38 24
38 36
38 13
38 26
38 39
38 14
38 28
38 42
38 15
38 30
38 45
38 16
38 32
38 48
38 17
38 34
38 51
38 18
38 36
38 54
38 19
38 38
38 57
38 20
38 40
38 60
57 1
57 2
57 3
57 2
57 4
57 6
57 3
57 6
57 9
57 4
57 8
57 12
57 5
57 10
57 15
57 6
57 12
57 18
57 7
57 14
57 21
57 8
57 16
57 24
57 9
57 18
57 27
57 10
57 20
57 30
57 11
57 22
57 33
57 12
57 24
57 36
57 13
57 26
57 39
57 14
57 28
57 42
57 15
57 30
57 45
57 16
57 32
57 48
57 17
57 34
57 51
57 18
57 36
57 54
57 19
57 38
57 57
57 20
57 40
57 60
20 1
20 2
20 3
20 2
20 4
20 6
20 3
20 6
20 9
20 4
20 8
20 12
20 5
20 10
20 15
20 6
20 12
20 18
20 7
20 14
20 21
20 8
20 16
20 24
20 9
20 18
20 27
20 10
20 20
20 30
20 11
20 22
20 33
20 12
20 24
20 36
20 13
20 26
20 39
20 14
20 28
20 42
20 15
20 30
20 45
20 16
20 32
20 48
20 17
20 34
20 51
20 18
20 36
20 54
20 19
20 38
20 57
20 20
20 40
20 60
40 1
40 2
40 3
40 2
40 4
40 6
40 3
40 6
40 9
40 4
40 8
40 12
40 5
40 10
40 15
40 6
40 12
40 18
40 7
40 14
40 21
40 8
40 16
40 24
40 9
40 18
40 27
40 10
40 20
40 30
40 11
40 22
40 33
40 12
40 24
40 36
40 13
40 26
40 39
40 14
40 28
40 42
40 15
40 30
40 45
40 16
40 32
40 48
40 17
40 34
40 51
40 18
40 36
40 54
40 19
40 38
40 57
40 20
40 40
40 60
60 1
60 2
60 3
60 2
60 4
60 6
60 3
60 6
60 9
60 4
60 8
60 12
60 5
60 10
60 15
60 6
60 12
60 18
60 7
60 14
60 21
60 8
60 16
60 24
60 9
60 18
60 27
60 10
60 20
60 30
60 11
60 22
60 33
60 12
60 24
60 36
60 13
60 26
60 39
60 14
60 28
60 42
60 15
60 30
60 45
60 16
60 32
60 48
60 17
60 34
60 51
60 18
60 36
60 54
60 19
60 38
60 57
60 20
60 40
60 60
